1 2 3
2 5 6 4
4 3 5 6 8 7
5 2 1 8
6 7 8 9 10 11 12 13
7 12 13 14 15 16 17 18
18 19 20 21
19 20 21 22
20 21 22 23
21 22 23 24
22 23 24 25
23 24 25 26
24 25 26 27
25 26 27 28
26 27 28 29
27 28 29 30
28 29 30 31 
29 30 31 32
30 31 32 33 
31 32 33 34 
32 33 34 35
33 34 35 36
34 35 36 37
35 36 37 38
36 37 38 39 
37 38 39 40
38 39 40 41
39 40 41 42
40 41 42 43
41 42 43 44
42 43 44 45
43 44 45 46
44 45 46 47
45 46 47 48
46 47 48 49
47 48 49 50
48 49 50
49 50 51
50 51 52
51 52 53
52 53 54
53 54 55
54 55 56
55 56 57
56 57 58
57 58 59
58 59 60
59 60 61
60 61 62
61 62 63
62 63 64
63 64 65
64 65 66
65 66 67
66 67 68
67 68 69
68 69 70
69 70 71
70 71 72
71 72 73
72 73 74
73 74 75
74 75 76
75 76 77
76 77 78
77 78 79
78 79 80
79 80 81
80 81 82
81 82 83
82 83 84
83 84 85
84 85 86
85 86 87
86 87 88
87 88 89
88 89 90
89 90 91
90 91 92
91 92 93
92 93 94
93 94 95
94 95 96
95 96 97
96 97 98
97 98 99
98 99 100
99 100 101
100 101 102
101 102 103
102 103 104
103 104 105
104 105 106
105 106 107
106 107 108
107 108 109
108 109 110
109 110 111
110 111 112
111 112 113
112 113 114
113 114 115
114 115 116
115 116 117
